-0.40000000596 -0.782842725515 1.71715730429 0.0 -0.707106930198 0.707106632175
-0.40000000596 -0.641421347857 1.85857868195 0.0 -0.707106632175 0.707106930198
-0.40000000596 -0.499999985099 2.0 0.0 -0.707106706681 0.707106855692
-0.40000000596 -0.358578637242 2.14142131805 0.0 -0.707106706681 0.707106855692
-0.40000000596 -0.217157289386 2.28284263611 0.0 -0.707106706681 0.707106855692
-0.200000006706 -0.782842725515 1.71715730429 0.0 -0.707106930198 0.707106632175
-0.200000006706 -0.641421347857 1.85857868195 0.0 -0.707106632175 0.707106930198
-0.200000006706 -0.499999985099 2.0 0.0 -0.707106706681 0.707106855692
-0.200000006706 -0.358578637242 2.14142131805 0.0 -0.707106706681 0.707106855692
-0.200000006706 -0.217157289386 2.28284263611 0.0 -0.707106706681 0.707106855692
0.0 -0.782842725515 1.71715730429 0.0 -0.707106930198 0.707106632175
0.0 -0.641421347857 1.85857868195 0.0 -0.707106632175 0.707106930198
0.0 -0.499999985099 2.0 0.0 -0.707106706681 0.707106855692
0.0 -0.358578637242 2.14142131805 0.0 -0.707106706681 0.707106855692
0.0 -0.217157289386 2.28284263611 0.0 -0.707106706681 0.707106855692
0.200000006706 -0.782842725515 1.71715730429 0.0 -0.707106930198 0.707106632175
0.200000006706 -0.641421347857 1.85857868195 0.0 -0.707106632175 0.707106930198
0.200000006706 -0.499999985099 2.0 0.0 -0.707106706681 0.707106855692
0.200000006706 -0.358578637242 2.14142131805 0.0 -0.707106706681 0.707106855692
0.200000006706 -0.217157289386 2.28284263611 0.0 -0.707106706681 0.707106855692
0.40000000596 -0.782842725515 1.71715730429 0.0 -0.707106930198 0.707106632175
0.40000000596 -0.641421347857 1.85857868195 0.0 -0.707106632175 0.707106930198
0.40000000596 -0.499999985099 2.0 0.0 -0.707106706681 0.707106855692
0.40000000596 -0.358578637242 2.14142131805 0.0 -0.707106706681 0.707106855692
0.40000000596 -0.217157289386 2.28284263611 0.0 -0.707106706681 0.707106855692